0	0
1	9
2	22
3	32
4	43
5	54
6	65
7	77
8	86
9	98
10	109
11	121
12	131
13	144
14	154
15	167
16	176
17	189
18	198
19	209
20	220
21	231
22	250
23	264
24	275
25	282
26	293
27	304
28	315
29	326
30	337
31	348
32	360
33	370
34	383
35	393
36	404
37	415
38	427
39	438
40	448
41	460
42	471
43	482
44	493
45	504
46	518
47	528
48	541
49	550
50	563
51	573
52	582
53	593
54	604
55	614
56	625
57	638
58	649
59	661
60	671
61	684
62	693
63	706
64	716
65	728
66	738
67	749
68	760
69	772
70	783
71	794
72	804
73	815
74	826
75	838
76	854
77	866
78	878
79	887
80	898
81	909
82	922
83	931
84	942
85	954
86	964
87	977
88	986
89	998
90	1009
91	1020
92	1031
93	1042
94	1053
95	1065
96	1076
97	1089
98	1098
99	1110
100	1120
101	1131
102	1142
103	1155
104	1166
105	1175
106	1187
107	1198
108	1210
109	1220
110	1231
111	1242
112	1255
113	1264
114	1276
115	1288
116	1299
117	1309
118	1320
119	1332
120	1343
121	1356
122	1364
123	1376
124	1388
125	1398
126	1409
127	1420
128	1431
129	1443
130	1454
131	1464
132	1476
133	1486
134	1499
135	1510
136	1520
137	1531
138	1543
139	1555
140	1566
141	1577
142	1588
143	1599
144	1610
145	1621
146	1632
147	1645
148	1654
149	1665
150	1677
151	1687
152	1698
153	1709
154	1721
155	1731
156	1743
157	1755
158	1766
159	1777
160	1788
161	1799
162	1808
163	1820
164	1831
165	1842
166	1855
167	1865
168	1876
169	1886
170	1899
171	1908
172	1921
173	1932
174	1942
175	1954
176	1964
177	1975
178	1986
179	1998
180	2010
181	2020
182	2031
183	2043
184	2053
185	2065
186	2076
187	2087
188	2100
189	2110
190	2121
191	2132
192	2144
193	2154
194	2164
195	2175
196	2187
197	2198
198	2209
199	2220
200	2231
201	2244
202	2253
203	2264
204	2276
205	2286
206	2298
207	2309
208	2320
209	2333
210	2342
211	2355
212	2364
213	2378
214	2387
215	2398
216	2409
217	2421
218	2431
219	2442
220	2454
221	2464
222	2476
223	2488
224	2498
225	2509
226	2521
227	2532
228	2543
229	2556
230	2564
231	2575
232	2587
233	2600
234	2610
235	2621
236	2633
237	2644
238	2653
239	2664
240	2676
241	2686
242	2698
243	2710
244	2720
245	2732
246	2744
247	2755
248	2764
249	2775
250	2787
251	2799
252	2809
253	2822
254	2831
255	2844
256	2853
257	2865
258	2875
259	2887
260	2898
261	2910
262	2920
263	2931
264	2944
265	2954
266	2964
267	2980
268	2995
269	3004
270	3015
271	3026
272	3037
273	3049
274	3059
275	3070
276	3082
277	3093
278	3104
279	3115
280	3126
281	3137
282	3148
283	3160
284	3171
285	3182
286	3193
287	3204
288	3215
289	3226
290	3238
291	3249
292	3260
293	3271
294	3282
295	3293
296	3304
297	3315
298	3328
299	3338
300	3348
301	3360
302	3371
303	3382
304	3393
305	3405
306	3415
307	3426
308	3438
309	3449
310	3460
311	3471
312	3483
313	3493
314	3504
315	3515
316	3526
317	3538
318	3549
319	3560
320	3571
321	3582
322	3593
323	3605
324	3615
325	3626
326	3638
327	3649
328	3660
329	3671
330	3682
331	3693
332	3705
333	3715
334	3726
335	3737
336	3748
337	3759
338	3770
339	3782
340	3793
341	3804
342	3815
343	3827
344	3842
345	3854
346	3865
347	3876
348	3887
349	3898
350	3909
351	3921
352	3934
353	3943
354	3954
355	3964
356	3976
357	3988
358	3998
359	4009
360	4021
361	4031
362	4044
363	4055
364	4065
365	4077
366	4087
367	4097
368	4110
369	4121
370	4132
371	4143
372	4155
373	4164
374	4177
375	4188
376	4199
377	4210
378	4221
379	4232
380	4242
381	4254
382	4265
383	4276
384	4288
385	4299
386	4310
387	4321
388	4331
389	4342
390	4353
391	4366
392	4377
393	4388
394	4397
395	4410
396	4420
397	4431
398	4443
399	4455
400	4466
401	4475
402	4488
403	4500
404	4510
405	4520
406	4531
407	4544
408	4555
409	4565
410	4576
411	4586
412	4598
413	4609
414	4622
415	4631
416	4643
417	4655
418	4666
419	4675
420	4687
421	4699
422	4710
423	4722
424	4731
425	4742
426	4753
427	4765
428	4776
429	4787
430	4799
431	4809
432	4822
433	4831
434	4843
435	4854
436	4864
437	4877
438	4887
439	4898
440	4909
441	4922
442	4932
443	4942
444	4954
445	4965
446	4976
447	4987
448	4998
449	5010
450	5020
451	5030
452	5042
453	5055
454	5066
455	5076
456	5086
457	5097
458	5110
459	5121
460	5131
461	5144
462	5153
463	5164
464	5177
465	5188
466	5199
467	5209
468	5220
469	5232
470	5242
471	5255
472	5265
473	5276
474	5287
475	5299
476	5310
477	5320
478	5332
479	5343
480	5355
481	5365
482	5377
483	5386
484	5398
485	5409
486	5420
487	5432
488	5442
489	5453
490	5466
491	5476
492	5487
493	5499
494	5510
495	5520
496	5533
497	5542
498	5553
499	5565
500	5576
501	5586
502	5599
503	5610
504	5621
505	5631
506	5642
507	5653
508	5666
509	5675
510	5686
511	5698
512	5710
513	5720
514	5730
515	5742
516	5754
517	5765
518	5777
519	5787
520	5799
521	5811
522	5821
523	5832
524	5843
525	5855
526	5864
527	5876
528	5886
529	5902
530	5911
531	5921
532	5933
533	5942
534	5954
535	5967
536	5975
537	5986
538	5997
539	6010
540	6021
541	6031
542	6043
543	6054
544	6065
545	6076
546	6087
547	6098
548	6110
549	6123
550	6134
551	6143
552	6154
553	6164
554	6178
555	6187
556	6198
557	6209
558	6221
559	6231
560	6243
561	6253
562	6265
563	6279
564	6290
565	6301
566	6312
567	6323
568	6334
569	6345
570	6356
571	6367
572	6379
573	6390
574	6401
575	6412
576	6423
577	6434
578	6445
579	6456
580	6467
581	6479
582	6490
583	6501
584	6512
585	6523
586	6536
587	6545
588	6556
589	6568
590	6579
591	6590
592	6601
593	6612
594	6623
595	6635
596	6646
597	6657
598	6668
599	6679
600	6690
601	6701
602	6712
603	6724
604	6736
605	6746
606	6757
607	6768
608	6779
609	6791
610	6802
611	6813
612	6825
613	6836
614	6846
615	6858
616	6869
617	6888
618	6898
619	6909
620	6919
621	6930
622	6941
623	6952
624	6964
625	6974
626	6986
627	6997
628	7007
629	7018
630	7031
631	7041
632	7051
633	7063
634	7074
635	7087
636	7097
637	7107
638	7119
639	7131
640	7140
641	7152
642	7164
643	7174
644	7185
645	7197
646	7207
647	7220
648	7231
649	7242
650	7252
651	7265
652	7276
653	7285
654	7296
655	7309
656	7320
657	7330
658	7342
659	7354
660	7363
661	7376
662	7386
663	7397
664	7409
665	7420
666	7430
667	7441
668	7453
669	7464
670	7474
671	7486
672	7497
673	7508
674	7518
675	7527
676	7542
677	7551
678	7563
679	7571
680	7581
681	7592
682	7603
683	7614
684	7625
685	7637
686	7648
687	7659
688	7670
689	7681
690	7692
691	7704
692	7716
693	7726
694	7743
695	7754
696	7765
697	7777
698	7788
699	7798
700	7810
701	7821
702	7832
703	7843
704	7853
705	7866
706	7876
707	7887
708	7900
709	7909
710	7922
711	7932
712	7942
713	7954
714	7966
715	7976
716	7987
717	7998
718	8010
719	8020
720	8032
721	8042
722	8053
723	8065
724	8077
725	8087
726	8098
727	8110
728	8121
729	8131
730	8142
731	8153
732	8165
733	8176
734	8186
735	8198
736	8210
737	8220
738	8231
739	8242
740	8254
741	8264
742	8276
743	8287
744	8298
745	8309
746	8320
747	8332
748	8343
749	8354
750	8365
751	8377
752	8387
753	8398
754	8409
755	8420
756	8431
757	8443
758	8454
759	8465
760	8476
761	8487
762	8498
763	8510
764	8521
765	8532
766	8543
767	8553
768	8566
769	8577
770	8586
771	8598
772	8609
773	8620
774	8631
775	8642
776	8655
777	8666
778	8678
779	8688
780	8699
781	8710
782	8721
783	8731
784	8743
785	8754
786	8766
787	8775
788	8786
789	8798
790	8809
791	8821
792	8832
793	8843
794	8854
795	8865
796	8875
797	8886
798	8899
799	8915
800	8926
801	8937
802	8948
803	8959
804	8970
805	8982
806	8994
807	9004
808	9015
809	9027
810	9038
811	9048
812	9060
813	9070
814	9082
815	9093
816	9104
817	9115
818	9126
819	9137
820	9148
821	9160
822	9171
823	9182
824	9193
825	9205
826	9215
827	9226
828	9237
829	9249
830	9261
831	9271
832	9282
833	9293
834	9304
835	9315
836	9326
837	9337
838	9348
839	9360
840	9371
841	9383
842	9393
843	9404
844	9415
845	9426
846	9438
847	9448
848	9460
849	9471
850	9482
851	9493
852	9504
853	9515
854	9526
855	9538
856	9549
857	9565
858	9577
859	9588
860	9599
861	9611
862	9621
863	9633
864	9642
865	9655
866	9665
867	9677
868	9688
869	9699
870	9710
871	9723
872	9732
873	9744
874	9755
875	9765
876	9777
877	9788
878	9798
879	9810
880	9822
881	9833
882	9842
883	9853
884	9866
885	9878
886	9886
887	9898
888	9909
889	9922
890	9932
891	9944
892	9955
893	9965
894	9976
895	9988
896	9998
897	10011
898	10022
899	10032
900	10042
901	10055
902	10066
903	10076
904	10088
905	10099
906	10111
907	10122
908	10133
909	10144
910	10154
911	10166
912	10177
913	10188
914	10201
915	10210
916	10220
917	10232
918	10243
919	10254
920	10266
921	10276
922	10288
923	10299
924	10311
925	10322
926	10333
927	10343
928	10354
929	10366
930	10376
931	10387
932	10400
933	10410
934	10420
935	10432
936	10442
937	10455
938	10465
939	10477
940	10488
941	10500
942	10516
943	10526
944	10538
945	10548
946	10560
947	10571
948	10582
949	10593
950	10604
951	10616
952	10627
953	10638
954	10649
955	10660
956	10671
957	10682
958	10693
959	10704
960	10715
961	10726
962	10738
963	10748
964	10760
965	10771
966	10782
967	10793
968	10804
969	10816
970	10827
971	10838
972	10848
973	10860
974	10871
975	10882
976	10893
977	10904
978	10915
979	10927
980	10938
981	10949
982	10960
983	10971
984	10982
985	10993
986	11005
987	11016
988	11026
989	11038
990	11048
991	11060
992	11071
993	11082
994	11093
995	11104
996	11115
997	11127
998	11138
999	11149
1000	11160
1001	11171
1002	11182
1003	11193
1004	11204
1005	11217
1006	11226
1007	11238
1008	11249
1009	11260
1010	11271
1011	11282
1012	11294
1013	11309
1014	11320
1015	11332
1016	11343
1017	11353
1018	11364
1019	11376
1020	11387
1021	11398
1022	11408
1023	11419
1024	11431
1025	11443
1026	11454
1027	11465
1028	11476
1029	11486
1030	11498
1031	11509
1032	11520
1033	11532
1034	11543
1035	11554
1036	11566
1037	11576
1038	11587
1039	11598
1040	11608
1041	11621
1042	11632
1043	11643
1044	11652
1045	11664
1046	11676
1047	11686
1048	11699
1049	11710
1050	11720
1051	11732
1052	11743
1053	11755
1054	11763
1055	11775
1056	11787
1057	11798
1058	11808
1059	11820
1060	11830
1061	11843
1062	11855
1063	11864
1064	11876
1065	11887
1066	11897
1067	11910
1068	11921
1069	11930
1070	11943
1071	11953
1072	11965
1073	11975
1074	11986
1075	11997
1076	12008
1077	12021
1078	12030
1079	12042
1080	12054
1081	12065
1082	12075
1083	12087
1084	12097
1085	12109
1086	12120
1087	12131
1088	12142
1089	12153
1090	12164
1091	12175
1092	12187
1093	12197
1094	12209
1095	12220
1096	12231
1097	12242
1098	12254
1099	12267
1100	12275
1101	12287
1102	12298
1103	12309
1104	12320
1105	12331
1106	12343
1107	12354
1108	12364
1109	12376
1110	12387
1111	12398
1112	12409
1113	12420
1114	12430
1115	12443
1116	12452
1117	12464
1118	12474
1119	12487
1120	12498
1121	12508
1122	12521
1123	12530
1124	12542
1125	12554
1126	12564
1127	12576
1128	12587
1129	12598
1130	12610
1131	12620
1132	12631
1133	12642
1134	12653
1135	12665
1136	12675
1137	12683
1138	12693
1139	12704
1140	12715
1141	12726
1142	12738
1143	12749
1144	12760
1145	12771
1146	12783
1147	12794
1148	12804
1149	12816
1150	12827
1151	12838
1152	12854
1153	12866
1154	12876
1155	12887
1156	12898
1157	12909
1158	12921
1159	12932
1160	12944
1161	12953
1162	12966
1163	12977
1164	12987
1165	12999
1166	13010
1167	13022
1168	13031
1169	13043
1170	13053
1171	13066
1172	13075
1173	13087
1174	13098
1175	13109
1176	13122
1177	13132
1178	13144
1179	13153
1180	13166
1181	13177
1182	13187
1183	13198
1184	13209
1185	13221
1186	13233
1187	13244
1188	13255
1189	13264
1190	13276
1191	13287
1192	13298
1193	13310
1194	13322
1195	13333
1196	13343
1197	13354
1198	13366
1199	13377
1200	13387
1201	13399
1202	13410
1203	13422
1204	13433
1205	13443
1206	13454
1207	13466
1208	13476
1209	13487
1210	13499
1211	13509
1212	13520
1213	13533
1214	13544
1215	13553
1216	13565
1217	13576
1218	13587
1219	13600
1220	13611
1221	13620
1222	13631
1223	13644
1224	13654
1225	13666
1226	13676
1227	13687
1228	13700
1229	13709
1230	13720
1231	13732
1232	13742
1233	13755
1234	13770
1235	13783
1236	13793
1237	13804
1238	13816
1239	13826
1240	13838
1241	13849
1242	13860
1243	13870
1244	13882
1245	13893
1246	13904
1247	13915
1248	13926
1249	13938
1250	13948
1251	13960
1252	13971
1253	13982
1254	13993
1255	14004
1256	14015
1257	14026
1258	14038
1259	14049
1260	14060
1261	14071
1262	14083
1263	14093
1264	14104
1265	14116
1266	14126
1267	14138
1268	14149
1269	14160
1270	14171
1271	14183
1272	14193
1273	14205
1274	14216
1275	14226
1276	14238
1277	14249
1278	14260
1279	14271
1280	14282
1281	14293
1282	14304
1283	14315
1284	14326
1285	14338
1286	14348
1287	14360
1288	14371
1289	14382
1290	14393
1291	14404
1292	14415
1293	14427
1294	14438
1295	14449
1296	14460
1297	14471
1298	14482
1299	14494
1300	14504
1301	14520
1302	14532
1303	14543
1304	14553
1305	14566
1306	14576
1307	14588
1308	14600
1309	14609
1310	14621
1311	14633
1312	14644
1313	14653
1314	14665
1315	14677
1316	14687
1317	14698
1318	14709
1319	14722
1320	14733
1321	14743
1322	14753
1323	14766
1324	14776
1325	14788
1326	14799
1327	14811
1328	14822
1329	14833
1330	14843
1331	14855
1332	14870
1333	14882
1334	14893
1335	14904
1336	14915
1337	14926
1338	14937
1339	14949
1340	14960
1341	14971
1342	14983
1343	14994
1344	15005
1345	15016
1346	15026
1347	15038
1348	15049
1349	15060
1350	15071
1351	15083
1352	15094
1353	15104
1354	15115
1355	15127
1356	15138
1357	15148
1358	15160
1359	15171
1360	15182
1361	15193
1362	15205
1363	15215
1364	15226
1365	15238
1366	15248
1367	15260
1368	15270
1369	15282
1370	15293
1371	15304
1372	15315
1373	15326
1374	15337
1375	15349
1376	15360
1377	15370
1378	15382
1379	15400
1380	15409
1381	15421
1382	15432
1383	15443
1384	15454
1385	15466
1386	15476
1387	15487
1388	15498
1389	15509
1390	15520
1391	15531
1392	15543
1393	15554
1394	15565
1395	15577
1396	15587
1397	15599
1398	15610
1399	15620
1400	15632
1401	15642
1402	15653
1403	15666
1404	15677
1405	15686
1406	15699
1407	15709
1408	15720
1409	15731
1410	15744
1411	15755
1412	15764
1413	15777
1414	15786
1415	15799
1416	15809
1417	15820
1418	15832
1419	15842
1420	15853
1421	15868
1422	15877
1423	15887
1424	15899
1425	15909
1426	15921
1427	15932
1428	15943
1429	15954
1430	15965
1431	15977
1432	15988
1433	15998
1434	16009
1435	16020
1436	16032
1437	16042
1438	16054
1439	16066
1440	16076
1441	16086
1442	16099
1443	16110
1444	16120
1445	16132
1446	16144
1447	16153
1448	16165
1449	16177
1450	16187
1451	16198
1452	16211
1453	16220
1454	16231
1455	16242
1456	16255
1457	16264
1458	16276
1459	16287
1460	16298
1461	16309
1462	16320
1463	16331
1464	16343
1465	16354
1466	16365
1467	16376
1468	16387
1469	16398
1470	16410
1471	16420
1472	16431
1473	16443
1474	16453
1475	16466
1476	16476
1477	16487
1478	16500
1479	16509
1480	16520
1481	16531
1482	16543
1483	16553
1484	16565
1485	16576
1486	16587
1487	16598
1488	16609
1489	16620
1490	16632
1491	16644
1492	16653
1493	16665
1494	16677
1495	16687
1496	16698
1497	16709
1498	16721
1499	16732
1500	16743
1501	16754
1502	16765
1503	16775
1504	16788
1505	16798
1506	16810
1507	16820
1508	16833
1509	16842
1510	16853
1511	16864
1512	16875
1513	16888
1514	16899
1515	16910
1516	16922
1517	16931
1518	16944
1519	16954
1520	16964
1521	16977
1522	16986
1523	16999
1524	17010
1525	17020
1526	17031
1527	17042
1528	17053
1529	17064
1530	17075
1531	17087
1532	17099
1533	17110
1534	17121
1535	17134
1536	17142
1537	17155
1538	17165
1539	17176
1540	17187
1541	17198
1542	17211
1543	17221
1544	17231
1545	17243
1546	17254
1547	17265
1548	17278
1549	17287
1550	17298
1551	17309
1552	17321
1553	17331
1554	17344
1555	17354
1556	17366
1557	17376
1558	17387
1559	17400
1560	17409
1561	17421
1562	17431
1563	17444
1564	17453
1565	17464
1566	17476
1567	17486
1568	17498
1569	17510
1570	17520
1571	17531
1572	17542
1573	17554
1574	17564
1575	17576
1576	17587
1577	17599
1578	17609
1579	17620
1580	17635
1581	17643
1582	17653
1583	17665
1584	17677
1585	17688
1586	17699
1587	17710
1588	17721
1589	17732
1590	17742
1591	17754
1592	17766
1593	17776
1594	17787
1595	17798
1596	17809
1597	17820
1598	17832
1599	17843
1600	17854
1601	17865
1602	17877
1603	17887
1604	17899
1605	17910
1606	17920
1607	17931
1608	17943
1609	17955
1610	17966
1611	17976
1612	17987
1613	17999
1614	18010
1615	18020
1616	18031
1617	18044
1618	18054
1619	18064
1620	18077
1621	18086
1622	18099
1623	18109
1624	18120
1625	18132
1626	18144
1627	18154
1628	18165
1629	18176
1630	18187
1631	18199
1632	18210
1633	18221
1634	18235
1635	18248
1636	18260
1637	18270
1638	18282
1639	18293
1640	18304
1641	18315
1642	18326
1643	18337
1644	18348
1645	18359
1646	18371
1647	18381
1648	18392
1649	18404
1650	18415
1651	18426
1652	18437
1653	18448
1654	18459
1655	18470
1656	18482
1657	18493
1658	18504
1659	18515
1660	18526
1661	18537
1662	18548
1663	18560
1664	18571
1665	18582
1666	18593
1667	18604
1668	18615
1669	18626
1670	18638
1671	18649
1672	18660
1673	18671
1674	18682
1675	18693
1676	18704
1677	18715
1678	18727
1679	18737
1680	18749
1681	18760
1682	18771
1683	18782
1684	18793
1685	18804
1686	18816
1687	18826
1688	18838
1689	18849
1690	18861
1691	18871
1692	18883
1693	18893
1694	18904
1695	18915
1696	18926
1697	18938
1698	18950
1699	18960
1700	18971
1701	18982
1702	18993
1703	19004
1704	19015
1705	19026
1706	19039
1707	19048
1708	19060
1709	19071
1710	19082
1711	19093
1712	19104
1713	19116
1714	19127
1715	19138
1716	19149
1717	19160
1718	19171
1719	19182
1720	19193
1721	19205
1722	19216
1723	19227
1724	19238
1725	19249
1726	19260
1727	19271
1728	19284
1729	19300
1730	19310
1731	19322
1732	19333
1733	19344
1734	19355
1735	19366
1736	19378
1737	19388
1738	19400
1739	19410
1740	19424
1741	19433
1742	19445
1743	19454
1744	19465
1745	19476
1746	19487
1747	19499
1748	19511
1749	19523
1750	19532
1751	19544
1752	19554
1753	19566
1754	19576
1755	19588
1756	19599
1757	19610
1758	19622
1759	19633
1760	19643
1761	19655
1762	19666
1763	19677
1764	19687
1765	19700
1766	19710
1767	19722
1768	19733
1769	19744
1770	19755
1771	19766
1772	19777
1773	19788
1774	19800
1775	19809
1776	19822
1777	19833
1778	19844
1779	19855
1780	19866
1781	19876
1782	19887
1783	19900
1784	19911
1785	19921
1786	19931
1787	19944
1788	19954
1789	19967
1790	19977
1791	19988
1792	20000
1793	20010
1794	20022
1795	20032
1796	20044
1797	20055
1798	20066
1799	20077
1800	20088
1801	20099
1802	20110
1803	20121
