0	0
1	17
2	26
3	36
4	48
5	58
6	70
7	81
8	91
9	104
10	114
11	127
12	136
13	148
14	159
15	170
16	181
17	192
18	203
19	215
20	228
21	241
22	259
23	271
24	282
25	292
26	303
27	315
28	326
29	336
30	348
31	358
32	370
33	381
34	392
35	404
36	415
37	426
38	437
39	448
40	459
41	470
42	481
43	493
44	507
45	517
46	530
47	549
48	558
49	572
50	581
51	592
52	604
53	614
54	626
55	636
56	649
57	658
58	671
59	681
60	697
61	715
62	725
63	737
64	749
65	759
66	772
67	782
68	792
69	803
70	816
71	826
72	836
73	849
74	859
75	871
76	882
77	893
78	904
79	914
80	927
81	941
82	954
83	971
84	980
85	992
86	1004
87	1014
88	1025
89	1037
90	1047
91	1058
92	1070
93	1082
94	1093
95	1103
96	1116
97	1129
98	1137
99	1153
100	1170
101	1181
102	1192
103	1203
104	1215
105	1225
106	1237
107	1247
108	1259
109	1270
110	1284
111	1297
112	1315
113	1326
114	1336
115	1348
116	1358
117	1370
118	1381
119	1392
120	1403
121	1414
122	1425
123	1436
124	1449
125	1458
126	1470
127	1481
128	1493
129	1502
130	1514
131	1525
132	1536
133	1548
134	1559
135	1572
136	1587
137	1603
138	1615
139	1625
140	1637
141	1649
142	1658
143	1670
144	1681
145	1692
146	1703
147	1715
148	1726
149	1736
150	1748
151	1758
152	1771
153	1781
154	1793
155	1804
156	1815
157	1826
158	1837
159	1848
160	1859
161	1870
162	1881
163	1892
164	1903
165	1914
166	1926
167	1937
168	1949
169	1964
170	1983
171	1993
172	2003
173	2015
174	2026
175	2036
176	2048
177	2059
178	2070
179	2083
180	2097
181	2115
182	2125
183	2136
184	2149
185	2159
186	2172
187	2181
188	2192
189	2203
190	2216
191	2226
192	2237
193	2249
194	2265
195	2282
196	2292
197	2303
198	2314
199	2325
200	2337
201	2348
202	2359
203	2370
204	2382
205	2393
206	2405
207	2414
208	2426
209	2436
210	2448
211	2459
212	2471
213	2482
214	2492
215	2505
216	2515
217	2526
218	2537
219	2553
220	2572
221	2582
222	2592
223	2605
224	2616
225	2626
226	2637
227	2650
228	2659
229	2670
230	2682
231	2697
232	2706
233	2715
234	2730
235	2751
236	2760
237	2770
238	2783
239	2797
240	2818
241	2827
242	2836
243	2848
244	2859
245	2870
246	2881
247	2893
248	2904
249	2915
250	2926
251	2936
252	2948
253	2959
254	2971
255	2981
256	2993
257	3008
258	3017
259	3032
260	3048
261	3058
262	3070
263	3082
264	3093
265	3103
266	3115
267	3127
268	3137
269	3149
270	3158
271	3171
272	3181
273	3193
274	3204
275	3216
276	3233
277	3248
278	3260
279	3270
280	3282
281	3292
282	3305
283	3314
284	3326
285	3337
286	3348
287	3358
288	3370
289	3381
290	3392
291	3405
292	3414
293	3426
294	3436
295	3449
296	3458
297	3470
298	3488
299	3503
300	3515
301	3525
302	3536
303	3548
304	3559
305	3571
306	3583
307	3592
308	3603
309	3615
310	3625
311	3637
312	3649
313	3659
314	3672
315	3681
316	3693
317	3704
318	3715
319	3726
320	3738
321	3752
322	3770
323	3782
324	3794
325	3804
326	3814
327	3825
328	3836
329	3848
330	3859
331	3870
332	3882
333	3892
334	3904
335	3914
336	3925
337	3937
338	3953
339	3971
340	3982
341	3992
342	4004
343	4014
344	4025
345	4036
346	4049
347	4058
348	4070
349	4082
350	4098
351	4116
352	4126
353	4138
354	4147
355	4163
356	4185
357	4207
358	4229
359	4241
360	4263
361	4284
362	4298
363	4319
364	4340
365	4354
366	4374
367	4397
368	4419
369	4441
370	4463
371	4485
372	4507
373	4529
374	4553
375	4636
376	4650
377	4665
378	4682
379	4692
380	4704
381	4714
382	4725
383	4736
384	4749
385	4758
386	4771
387	4781
388	4792
389	4804
390	4815
391	4825
392	4837
393	4849
394	4862
395	4871
396	4886
397	4904
398	4915
399	4925
400	4937
401	4948
402	4959
403	4970
404	4981
405	4992
406	5003
407	5015
408	5026
409	5037
410	5048
411	5058
412	5072
413	5087
414	5104
415	5115
416	5125
417	5136
418	5148
419	5158
420	5170
421	5181
422	5192
423	5203
424	5215
425	5226
426	5237
427	5249
428	5259
429	5271
430	5283
431	5302
432	5316
433	5325
434	5336
435	5348
436	5358
437	5369
438	5381
439	5392
440	5403
441	5415
442	5426
443	5437
444	5448
445	5458
446	5471
447	5480
448	5493
449	5504
450	5518
451	5537
452	5548
453	5558
454	5570
455	5580
456	5592
457	5604
458	5614
459	5626
460	5636
461	5650
462	5665
463	5682
464	5693
465	5702
466	5715
467	5725
468	5736
469	5748
470	5759
471	5771
472	5781
473	5792
474	5803
475	5815
476	5827
477	5837
478	5848
479	5858
480	5871
481	5883
482	5897
483	5916
484	5926
485	5936
486	5950
487	5963
488	5974
489	5992
490	6004
491	6015
492	6025
493	6037
494	6048
495	6058
496	6070
497	6080
498	6093
499	6104
500	6115
501	6126
502	6137
503	6148
504	6158
505	6171
506	6181
507	6194
508	6204
509	6215
510	6227
511	6236
512	6249
513	6259
514	6274
515	6285
516	6304
517	6316
518	6325
519	6337
520	6349
521	6358
522	6370
523	6382
524	6397
525	6415
526	6425
527	6436
528	6449
529	6458
530	6471
531	6481
532	6492
533	6503
534	6517
535	6531
536	6548
537	6558
538	6571
539	6581
540	6593
541	6605
542	6614
543	6625
544	6636
545	6648
546	6658
547	6671
548	6681
549	6692
550	6703
551	6714
552	6726
553	6737
554	6748
555	6759
556	6771
557	6781
558	6792
559	6804
560	6815
561	6826
562	6837
563	6853
564	6871
565	6882
566	6892
567	6903
568	6914
569	6925
570	6936
571	6949
572	6958
573	6969
574	6981
575	6992
576	7003
577	7016
578	7026
579	7036
580	7048
581	7058
582	7071
583	7091
584	7103
585	7115
586	7125
587	7137
588	7149
589	7158
590	7171
591	7180
592	7191
593	7202
594	7214
595	7225
596	7237
597	7249
598	7259
599	7270
600	7280
601	7292
602	7303
603	7314
604	7325
605	7336
606	7349
607	7358
608	7371
609	7381
610	7392
611	7404
612	7414
613	7426
614	7436
615	7448
616	7458
617	7470
618	7481
619	7492
620	7503
621	7515
622	7525
623	7537
624	7553
625	7571
626	7581
627	7592
628	7605
629	7615
630	7625
631	7636
632	7650
633	7660
634	7671
635	7681
636	7692
637	7704
638	7714
639	7725
640	7736
641	7748
642	7758
643	7771
644	7785
645	7795
646	7808
647	7825
648	7836
649	7848
650	7858
651	7871
652	7880
653	7893
654	7903
655	7914
656	7926
657	7936
658	7948
659	7959
660	7970
661	7982
662	7992
663	8003
664	8015
665	8030
666	8049
667	8059
668	8070
669	8083
670	8091
671	8103
672	8116
673	8131
674	8148
675	8159
676	8170
677	8183
678	8192
679	8204
680	8214
681	8225
682	8237
683	8250
684	8258
685	8271
686	8284
687	8298
688	8316
689	8326
690	8336
691	8349
692	8358
693	8370
694	8381
695	8392
696	8404
697	8414
698	8430
699	8448
700	8459
701	8472
702	8482
703	8493
704	8503
705	8514
706	8525
707	8537
708	8548
709	8558
710	8570
711	8582
712	8594
713	8602
714	8614
715	8626
716	8636
717	8648
718	8658
719	8671
720	8681
721	8698
722	8715
723	8725
724	8737
725	8749
726	8758
727	8770
728	8782
729	8792
730	8803
731	8815
732	8825
733	8837
734	8849
735	8864
736	8880
737	8892
738	8903
739	8916
740	8925
741	8937
742	8948
743	8959
744	8970
745	8981
746	8992
747	9004
748	9015
749	9025
750	9036
751	9047
752	9058
753	9070
754	9081
755	9093
756	9108
757	9126
758	9136
759	9149
760	9158
761	9171
762	9180
763	9192
764	9204
765	9214
766	9225
767	9236
768	9249
769	9264
770	9281
771	9291
772	9303
773	9314
774	9326
775	9337
776	9348
777	9359
778	9370
779	9381
780	9394
781	9404
782	9415
783	9430
784	9449
785	9460
786	9470
787	9482
788	9493
789	9503
790	9514
791	9527
792	9537
793	9549
794	9560
795	9570
796	9581
797	9592
798	9603
799	9615
800	9630
801	9638
802	9649
803	9663
804	9672
805	9685
806	9700
807	9716
808	9725
809	9737
810	9747
811	9759
812	9769
813	9780
814	9792
815	9803
816	9814
817	9825
818	9838
819	9847
820	9858
821	9871
822	9882
823	9897
824	9915
825	9926
826	9936
827	9948
828	9959
829	9970
830	9983
831	9992
832	10003
833	10016
834	10026
835	10036
836	10049
837	10063
838	10072
839	10086
840	10102
841	10115
842	10126
843	10136
844	10148
845	10159
846	10169
847	10181
848	10193
849	10203
850	10215
851	10225
852	10236
853	10250
854	10258
855	10270
856	10281
857	10292
858	10303
859	10315
860	10331
861	10350
862	10359
863	10371
864	10381
865	10392
866	10404
867	10415
868	10426
869	10436
870	10447
871	10460
872	10470
873	10481
874	10493
875	10505
876	10520
877	10538
878	10548
879	10558
880	10572
881	10581
882	10592
883	10602
884	10615
885	10625
886	10637
887	10648
888	10659
889	10670
890	10681
891	10694
892	10705
893	10714
894	10731
895	10749
896	10759
897	10770
898	10781
899	10793
900	10802
901	10815
902	10825
903	10836
904	10849
905	10858
906	10871
907	10882
908	10897
909	10916
910	10925
911	10937
912	10949
913	10958
914	10970
915	10980
916	10992
917	11003
918	11015
919	11026
920	11037
921	11053
922	11071
923	11081
924	11092
925	11105
926	11114
927	11126
928	11136
929	11148
930	11158
931	11170
932	11181
933	11192
934	11204
935	11214
936	11227
937	11237
938	11249
939	11259
940	11271
941	11284
942	11298
943	11315
944	11325
945	11337
946	11349
947	11359
948	11370
949	11381
950	11392
951	11405
952	11415
953	11426
954	11437
955	11449
956	11459
957	11471
958	11483
959	11500
960	11517
961	11526
962	11537
963	11550
964	11560
965	11570
966	11581
967	11591
968	11603
969	11616
970	11627
971	11636
972	11648
973	11660
974	11671
975	11681
976	11692
977	11704
978	11718
979	11732
980	11748
981	11760
982	11771
983	11781
984	11792
985	11803
986	11815
987	11826
988	11837
989	11848
990	11859
991	11870
992	11880
993	11892
994	11905
995	11914
996	11926
997	11945
998	11955
999	11968
1000	11981
1001	11989
1002	12000
1003	12015
1004	12034
1005	12044
1006	12054
1007	12066
1008	12077
1009	12088
1010	12099
1011	12112
1012	12126
1013	12145
1014	12155
1015	12167
1016	12176
1017	12188
1018	12199
1019	12211
1020	12221
1021	12234
1022	12245
1023	12255
1024	12267
1025	12278
1026	12289
1027	12300
1028	12311
1029	12322
1030	12334
1031	12353
1032	12368
1033	12377
1034	12389
1035	12400
1036	12410
1037	12421
1038	12434
1039	12443
1040	12455
1041	12468
1042	12477
1043	12488
1044	12502
1045	12515
1046	12535
1047	12544
1048	12555
1049	12567
1050	12577
1051	12589
1052	12600
1053	12614
1054	12623
1055	12634
1056	12648
1057	12656
1058	12667
1059	12682
1060	12691
1061	12700
1062	12712
1063	12723
1064	12734
1065	12745
1066	12756
1067	12767
1068	12778
1069	12790
1070	12801
1071	12817
1072	12835
1073	12845
1074	12856
1075	12868
1076	12878
1077	12889
1078	12901
1079	12912
1080	12922
1081	12935
1082	12949
1083	12957
1084	12968
1085	12982
1086	12991
1087	13001
1088	13018
1089	13034
1090	13045
1091	13057
1092	13068
1093	13077
1094	13090
1095	13101
1096	13112
1097	13122
1098	13135
1099	13146
1100	13156
1101	13171
1102	13180
1103	13197
1104	13212
1105	13223
1106	13235
1107	13247
1108	13257
1109	13270
1110	13279
1111	13291
1112	13302
1113	13312
1114	13324
1115	13335
1116	13347
1117	13357
1118	13369
1119	13379
1120	13391
1121	13401
1122	13419
1123	13435
1124	13447
1125	13457
1126	13468
1127	13479
1128	13490
1129	13501
1130	13513
1131	13524
1132	13535
1133	13547
1134	13559
1135	13570
1136	13581
1137	13591
1138	13602
1139	13614
1140	13625
1141	13636
1142	13647
1143	13658
1144	13670
1145	13680
1146	13692
1147	13702
1148	13713
1149	13725
1150	13740
1151	13749
1152	13758
1153	13770
1154	13785
1155	13802
1156	13813
1157	13825
1158	13836
1159	13848
1160	13857
1161	13870
1162	13880
1163	13891
1164	13903
1165	13915
1166	13925
1167	13936
1168	13947
1169	13959
1170	13970
1171	13981
1172	13992
1173	14003
1174	14016
1175	14026
1176	14036
1177	14048
1178	14058
1179	14070
1180	14081
1181	14099
1182	14114
1183	14126
1184	14135
1185	14147
1186	14158
1187	14170
1188	14183
1189	14193
1190	14203
1191	14215
1192	14225
1193	14236
1194	14248
1195	14258
1196	14271
1197	14282
1198	14292
1199	14304
1200	14314
1201	14325
1202	14336
1203	14348
1204	14358
1205	14370
1206	14382
1207	14397
1208	14415
1209	14425
1210	14437
1211	14448
1212	14459
1213	14470
1214	14480
1215	14492
1216	14505
1217	14515
1218	14525
1219	14536
1220	14551
1221	14560
1222	14570
1223	14580
1224	14592
1225	14604
1226	14619
1227	14637
1228	14648
1229	14659
1230	14671
1231	14680
1232	14693
1233	14704
1234	14714
1235	14726
1236	14736
1237	14750
1238	14764
1239	14783
1240	14793
1241	14803
1242	14815
1243	14827
1244	14836
1245	14850
1246	14862
1247	14872
1248	14887
1249	14905
1250	14914
1251	14925
1252	14936
1253	14949
1254	14958
1255	14970
1256	14982
1257	14997
1258	15015
1259	15025
1260	15036
1261	15048
1262	15058
1263	15070
1264	15082
1265	15092
1266	15105
1267	15114
1268	15125
1269	15137
1270	15148
1271	15158
1272	15171
1273	15181
1274	15192
1275	15207
1276	15219
1277	15237
1278	15248
1279	15258
1280	15270
1281	15282
1282	15293
1283	15303
1284	15315
1285	15327
1286	15337
1287	15347
1288	15359
1289	15370
1290	15381
1291	15392
1292	15404
1293	15414
1294	15426
1295	15437
1296	15448
1297	15464
1298	15482
1299	15492
1300	15502
1301	15515
1302	15526
1303	15537
1304	15548
1305	15559
1306	15570
1307	15581
1308	15592
1309	15604
1310	15615
1311	15630
1312	15648
1313	15658
1314	15670
1315	15680
1316	15692
1317	15704
1318	15714
1319	15725
1320	15736
1321	15748
1322	15758
1323	15770
1324	15780
1325	15793
1326	15804
1327	15813
1328	15826
1329	15836
1330	15848
1331	15858
1332	15870
1333	15881
1334	15898
1335	15914
1336	15926
1337	15937
1338	15948
1339	15959
1340	15970
1341	15983
1342	15993
1343	16004
1344	16015
1345	16025
1346	16037
1347	16053
1348	16071
1349	16082
1350	16092
1351	16103
1352	16115
1353	16125
1354	16137
1355	16149
1356	16158
1357	16171
1358	16183
1359	16193
1360	16205
1361	16215
1362	16225
1363	16237
1364	16248
1365	16259
1366	16272
1367	16286
1368	16304
1369	16314
1370	16325
1371	16336
1372	16348
1373	16358
1374	16372
1375	16382
1376	16392
1377	16402
1378	16415
1379	16426
1380	16437
1381	16452
1382	16472
1383	16481
1384	16492
1385	16503
1386	16514
1387	16525
1388	16536
1389	16548
1390	16559
1391	16570
1392	16582
1393	16594
1394	16603
1395	16615
1396	16626
1397	16636
1398	16648
1399	16658
1400	16670
1401	16681
1402	16693
1403	16704
1404	16715
1405	16732
1406	16749
1407	16758
1408	16771
1409	16782
1410	16792
1411	16804
1412	16816
1413	16830
1414	16838
1415	16853
1416	16871
1417	16882
1418	16892
1419	16904
1420	16915
1421	16926
1422	16937
1423	16949
1424	16958
1425	16970
1426	16981
1427	16993
1428	17004
1429	17015
1430	17025
1431	17037
1432	17049
1433	17058
1434	17070
1435	17082
1436	17097
1437	17115
1438	17126
1439	17137
1440	17148
1441	17158
1442	17172
1443	17180
1444	17192
1445	17202
1446	17216
1447	17233
1448	17248
1449	17259
1450	17270
1451	17282
1452	17292
1453	17304
1454	17314
1455	17327
1456	17337
1457	17348
1458	17358
1459	17370
1460	17382
1461	17392
1462	17403
1463	17417
1464	17428
1465	17437
1466	17450
1467	17464
1468	17483
1469	17492
1470	17502
1471	17515
1472	17525
1473	17537
1474	17549
1475	17559
1476	17570
1477	17581
1478	17593
1479	17603
1480	17615
1481	17626
1482	17636
1483	17649
1484	17658
1485	17671
1486	17686
1487	17694
1488	17709
1489	17725
1490	17738
1491	17749
1492	17759
1493	17771
1494	17780
1495	17792
1496	17804
1497	17815
1498	17826
1499	17836
1500	17849
1501	17858
1502	17871
1503	17881
1504	17892
1505	17903
1506	17916
1507	17931
1508	17950
1509	17958
1510	17970
1511	17981
1512	17994
1513	18004
1514	18014
1515	18025
1516	18036
1517	18048
1518	18058
1519	18071
1520	18082
1521	18092
1522	18102
1523	18116
1524	18130
1525	18150
1526	18158
1527	18171
1528	18180
1529	18192
1530	18203
1531	18214
1532	18225
1533	18236
1534	18248
1535	18258
1536	18272
1537	18286
1538	18305
1539	18313
1540	18325
1541	18336
1542	18349
1543	18359
1544	18370
1545	18382
1546	18398
1547	18415
1548	18427
1549	18436
1550	18450
1551	18458
1552	18471
1553	18483
1554	18491
1555	18504
1556	18515
1557	18525
1558	18537
1559	18549
1560	18559
1561	18570
1562	18582
1563	18597
1564	18616
1565	18626
1566	18637
1567	18649
1568	18659
1569	18671
1570	18682
1571	18692
1572	18704
1573	18715
1574	18726
1575	18737
1576	18749
1577	18763
1578	18771
1579	18786
1580	18803
1581	18815
1582	18824
1583	18837
1584	18848
1585	18859
1586	18870
1587	18880
1588	18892
1589	18905
1590	18918
1591	18928
1592	18937
1593	18948
1594	18959
1595	18971
1596	18981
1597	18992
1598	19004
1599	19015
1600	19032
1601	19048
1602	19060
1603	19071
1604	19082
1605	19092
1606	19103
1607	19116
1608	19126
1609	19138
1610	19148
1611	19158
1612	19171
1613	19181
1614	19192
1615	19208
1616	19226
1617	19237
1618	19249
1619	19257
1620	19270
1621	19281
1622	19292
1623	19303
1624	19317
1625	19325
1626	19337
1627	19348
1628	19359
1629	19370
1630	19382
1631	19397
1632	19415
1633	19426
1634	19437
1635	19447
1636	19458
1637	19470
1638	19482
1639	19492
1640	19503
1641	19516
1642	19525
1643	19537
1644	19548
1645	19558
1646	19570
1647	19581
1648	19592
1649	19604
1650	19618
1651	19627
1652	19636
1653	19649
1654	19665
1655	19681
1656	19692
1657	19703
1658	19714
1659	19727
1660	19736
1661	19748
1662	19758
1663	19770
1664	19781
1665	19792
1666	19803
1667	19814
1668	19826
1669	19836
1670	19850
1671	19863
1672	19884
1673	19892
1674	19902
1675	19915
1676	19926
1677	19936
1678	19949
1679	19963
1680	19975
1681	19993
1682	20002
1683	20016
1684	20025
1685	20037
1686	20049
1687	20058
1688	20071
1689	20081
1690	20091
1691	20103
1692	20114
1693	20126
1694	20140
1695	20154
1696	20170
1697	20180
1698	20192
1699	20204
1700	20214
1701	20226
1702	20236
1703	20248
1704	20259
1705	20270
1706	20281
1707	20292
1708	20304
1709	20314
1710	20326
1711	20337
1712	20347
1713	20358
1714	20370
1715	20384
1716	20397
1717	20415
1718	20426
1719	20436
1720	20450
1721	20459
1722	20469
1723	20481
1724	20492
1725	20502
1726	20515
1727	20526
1728	20536
1729	20549
1730	20564
1731	20582
1732	20592
1733	20602
1734	20615
1735	20625
1736	20636
1737	20649
1738	20659
1739	20670
1740	20681
1741	20693
1742	20703
1743	20714
1744	20731
1745	20748
1746	20759
1747	20770
1748	20781
1749	20792
1750	20804
1751	20813
1752	20825
1753	20838
1754	20848
1755	20858
1756	20870
1757	20881
1758	20892
1759	20902
1760	20914
1761	20925
1762	20936
1763	20948
1764	20958
1765	20971
1766	20982
1767	20997
1768	21015
1769	21025
1770	21037
1771	21047
1772	21058
1773	21071
1774	21081
1775	21092
1776	21102
1777	21115
1778	21131
1779	21150
1780	21159
1781	21169
1782	21181
1783	21192
1784	21203
1785	21216
1786	21226
1787	21236
1788	21248
1789	21258
1790	21270
1791	21281
1792	21292
1793	21304
1794	21314
1795	21325
1796	21336
1797	21348
1798	21358
1799	21370
1800	21380
1801	21397
1802	21414
1803	21426
1804	21437
1805	21448
1806	21458
1807	21471
1808	21481
1809	21492
1810	21504
1811	21513
1812	21526
1813	21536
1814	21549
1815	21560
1816	21574
1817	21584
1818	21597
1819	21616
1820	21627
1821	21637
1822	21648
1823	21659
1824	21670
1825	21681
1826	21691
1827	21703
1828	21715
1829	21725
1830	21737
1831	21748
1832	21758
1833	21770
1834	21781
1835	21792
1836	21803
1837	21816
1838	21833
1839	21849
1840	21859
1841	21870
1842	21881
1843	21892
1844	21903
1845	21914
1846	21926
1847	21935
1848	21948
1849	21957
1850	21969
1851	21982
1852	21991
1853	22002
1854	22014
1855	22024
1856	22036
1857	22049
1858	22064
1859	22080
1860	22091
1861	22103
1862	22113
1863	22124
1864	22136
1865	22147
1866	22157
1867	22171
1868	22180
1869	22191
1870	22204
1871	22217
1872	22227
1873	22237
1874	22251
1875	22270
1876	22280
1877	22291
1878	22302
1879	22314
1880	22324
1881	22336
1882	22347
1883	22358
1884	22370
1885	22380
1886	22391
1887	22402
1888	22414
1889	22425
1890	22438
1891	22453
1892	22469
1893	22482
1894	22491
1895	22502
1896	22516
1897	22524
1898	22535
1899	22548
1900	22557
1901	22570
1902	22582
1903	22598
1904	22616
1905	22625
1906	22636
1907	22650
1908	22658
1909	22671
1910	22681
1911	22692
1912	22703
1913	22715
1914	22725
1915	22736
1916	22748
1917	22759
1918	22770
1919	22782
1920	22797
1921	22816
1922	22825
1923	22836
1924	22848
1925	22859
1926	22871
1927	22882
1928	22892
1929	22904
1930	22916
1931	22925
1932	22937
1933	22948
1934	22960
1935	22970
1936	22981
1937	22993
1938	23003
1939	23016
1940	23032
1941	23049
1942	23059
1943	23071
1944	23081
1945	23092
1946	23103
1947	23114
1948	23125
1949	23136
1950	23150
1951	23158
1952	23170
1953	23183
1954	23196
1955	23206
1956	23218
1957	23230
1958	23249
1959	23258
1960	23270
1961	23281
1962	23292
1963	23302
1964	23314
1965	23325
1966	23336
1967	23348
1968	23358
1969	23371
1970	23381
1971	23393
1972	23408
1973	23426
1974	23436
1975	23448
1976	23458
1977	23470
1978	23480
1979	23492
1980	23503
1981	23514
1982	23525
1983	23537
1984	23549
1985	23559
1986	23571
1987	23582
1988	23593
1989	23602
1990	23615
1991	23629
1992	23638
1993	23648
1994	23659
1995	23673
1996	23683
1997	23699
1998	23716
1999	23726
2000	23736
2001	23750
2002	23758
2003	23771
2004	23780
2005	23792
2006	23803
2007	23815
2008	23825
2009	23836
2010	23849
2011	23858
2012	23871
2013	23881
2014	23892
2015	23903
2016	23916
2017	23930
2018	23938
2019	23953
2020	23972
2021	23981
2022	23992
2023	24004
2024	24016
2025	24027
2026	24036
2027	24049
2028	24059
2029	24070
2030	24082
2031	24092
2032	24103
2033	24114
2034	24126
2035	24136
2036	24148
2037	24164
2038	24181
2039	24192
2040	24203
2041	24214
2042	24225
2043	24236
2044	24248
2045	24258
2046	24271
2047	24281
2048	24292
2049	24302
2050	24314
2051	24324
2052	24336
2053	24347
2054	24358
2055	24370
2056	24381
2057	24397
2058	24416
2059	24426
2060	24436
2061	24448
2062	24459
2063	24470
2064	24481
2065	24491
2066	24504
2067	24514
2068	24526
2069	24536
2070	24550
2071	24564
2072	24581
2073	24592
2074	24603
2075	24615
2076	24625
2077	24637
2078	24648
2079	24658
2080	24670
2081	24680
2082	24692
2083	24702
2084	24715
2085	24725
2086	24737
2087	24748
2088	24762
2089	24771
2090	24781
2091	24793
2092	24802
2093	24814
2094	24826
2095	24841
2096	24859
2097	24870
2098	24881
2099	24892
2100	24903
2101	24914
2102	24925
2103	24936
2104	24949
2105	24958
2106	24970
2107	24983
2108	24996
2109	25006
2110	25018
2111	25027
2112	25036
2113	25049
2114	25063
2115	25082
2116	25093
2117	25103
2118	25115
2119	25126
2120	25136
2121	25149
2122	25158
2123	25171
2124	25187
2125	25203
2126	25214
2127	25225
2128	25236
2129	25248
2130	25259
2131	25270
2132	25281
2133	25293
2134	25303
2135	25313
2136	25326
2137	25336
2138	25348
2139	25358
2140	25370
2141	25380
2142	25392
2143	25404
2144	25421
2145	25438
2146	25450
2147	25458
2148	25470
2149	25481
2150	25492
2151	25503
2152	25515
2153	25525
2154	25537
2155	25548
2156	25559
2157	25570
2158	25581
2159	25592
2160	25603
2161	25614
2162	25625
2163	25636
2164	25648
2165	25658
2166	25670
2167	25681
2168	25692
2169	25712
2170	25725
2171	25736
2172	25750
2173	25758
2174	25771
2175	25782
2176	25791
2177	25803
2178	25814
2179	25825
2180	25837
2181	25848
2182	25858
2183	25870
2184	25880
2185	25892
2186	25903
2187	25914
2188	25925
2189	25936
2190	25948
2191	25959
2192	25970
2193	25981
2194	25992
2195	26002
2196	26015
2197	26026
2198	26041
2199	26051
2200	26059
2201	26075
2202	26092
2203	26102
2204	26114
2205	26125
2206	26136
2207	26148
2208	26158
2209	26170
2210	26181
2211	26192
2212	26203
2213	26214
2214	26225
2215	26236
2216	26249
2217	26259
2218	26271
2219	26281
2220	26292
2221	26304
2222	26314
2223	26325
2224	26337
2225	26352
2226	26366
2227	26382
2228	26392
2229	26404
2230	26414
2231	26426
2232	26436
2233	26448
2234	26459
2235	26472
2236	26481
2237	26492
2238	26503
2239	26513
2240	26525
2241	26536
2242	26547
2243	26558
2244	26570
2245	26581
2246	26592
2247	26604
2248	26614
2249	26630
2250	26648
2251	26658
2252	26669
2253	26681
2254	26691
2255	26702
2256	26715
2257	26725
2258	26736
2259	26748
2260	26758
2261	26769
2262	26782
2263	26797
2264	26815
2265	26825
2266	26836
2267	26848
2268	26858
2269	26871
2270	26881
2271	26893
2272	26903
2273	26915
2274	26930
2275	26948
2276	26958
2277	26971
2278	26982
2279	26992
2280	27003
2281	27015
2282	27025
2283	27037
2284	27048
2285	27058
2286	27071
2287	27081
2288	27098
2289	27115
2290	27125
2291	27136
2292	27149
2293	27158
2294	27170
2295	27181
2296	27192
2297	27203
2298	27214
2299	27226
2300	27237
2301	27252
2302	27271
2303	27281
2304	27292
2305	27302
2306	27316
2307	27326
2308	27337
2309	27349
2310	27358
2311	27371
2312	27382
2313	27394
2314	27407
2315	27416
2316	27430
2317	27448
2318	27458
2319	27470
2320	27481
2321	27493
2322	27504
2323	27516
2324	27525
2325	27536
2326	27548
2327	27558
2328	27571
2329	27582
2330	27600
2331	27615
2332	27625
2333	27636
2334	27648
2335	27658
2336	27671
2337	27680
2338	27692
2339	27703
2340	27714
2341	27726
2342	27736
2343	27748
2344	27759
2345	27770
2346	27781
2347	27792
2348	27804
2349	27814
2350	27826
2351	27837
2352	27848
2353	27858
2354	27871
2355	27881
2356	27892
2357	27904
2358	27916
2359	27926
2360	27936
2361	27948
2362	27964
2363	27982
2364	27992
2365	28003
2366	28015
2367	28026
2368	28037
2369	28050
2370	28059
2371	28070
2372	28082
2373	28097
2374	28115
2375	28125
2376	28137
2377	28147
2378	28158
2379	28172
2380	28181
2381	28193
2382	28203
2383	28215
2384	28225
2385	28237
2386	28248
2387	28262
2388	28271
2389	28286
2390	28305
2391	28313
2392	28325
2393	28335
2394	28348
2395	28358
2396	28370
2397	28382
2398	28396
2399	28417
2400	28425
2401	28436
2402	28450
2403	28462
2404	28470
2405	28481
2406	28493
2407	28502
2408	28515
2409	28530
2410	28538
2411	28549
2412	28564
2413	28581
2414	28592
2415	28603
2416	28616
2417	28625
2418	28636
2419	28648
2420	28657
2421	28669
2422	28681
2423	28692
2424	28703
2425	28714
2426	28725
2427	28736
2428	28748
2429	28759
2430	28771
2431	28788
2432	28802
2433	28814
2434	28825
2435	28835
2436	28848
2437	28857
2438	28870
2439	28880
2440	28893
2441	28903
2442	28914
2443	28926
2444	28936
2445	28949
2446	28959
2447	28970
2448	28981
2449	28992
2450	29003
2451	29015
2452	29026
2453	29036
2454	29048
2455	29058
2456	29070
2457	29081
2458	29097
2459	29115
2460	29125
2461	29137
2462	29148
2463	29158
2464	29169
2465	29181
2466	29192
2467	29203
2468	29214
2469	29226
2470	29236
2471	29248
2472	29258
2473	29271
2474	29285
2475	29298
2476	29315
2477	29325
2478	29336
2479	29348
2480	29357
2481	29370
2482	29380
2483	29392
2484	29403
2485	29414
2486	29427
2487	29436
2488	29449
2489	29458
2490	29470
2491	29481
2492	29493
2493	29503
2494	29515
2495	29526
2496	29536
2497	29549
2498	29562
2499	29575
2500	29594
2501	29603
2502	29615
2503	29626
2504	29636
2505	29648
2506	29658
2507	29671
2508	29681
2509	29692
2510	29702
2511	29715
2512	29726
2513	29741
2514	29750
2515	29758
2516	29770
2517	29781
2518	29797
2519	29815
2520	29825
2521	29837
2522	29848
2523	29858
2524	29870
2525	29881
2526	29892
2527	29903
2528	29914
2529	29925
2530	29938
2531	29948
2532	29958
2533	29970
2534	29980
2535	29992
2536	30004
2537	30018
2538	30034
2539	30048
2540	30058
2541	30069
2542	30080
2543	30092
2544	30103
2545	30113
2546	30125
2547	30137
2548	30147
2549	30159
2550	30170
2551	30181
2552	30192
2553	30202
2554	30215
2555	30225
2556	30236
2557	30248
2558	30258
2559	30270
2560	30281
2561	30292
2562	30303
2563	30316
2564	30326
2565	30336
2566	30349
2567	30362
2568	30371
2569	30386
2570	30404
2571	30414
2572	30425
2573	30436
2574	30450
2575	30458
2576	30470
2577	30481
2578	30492
2579	30503
2580	30515
2581	30531
2582	30549
2583	30558
2584	30571
2585	30580
2586	30592
2587	30603
2588	30614
2589	30625
2590	30636
2591	30647
2592	30658
2593	30670
2594	30680
2595	30691
2596	30703
2597	30715
2598	30732
2599	30747
2600	30758
2601	30770
2602	30781
2603	30792
2604	30803
2605	30816
2606	30826
2607	30836
2608	30849
2609	30859
2610	30871
2611	30881
2612	30892
2613	30903
2614	30915
2615	30926
2616	30936
2617	30948
2618	30958
2619	30970
2620	30981
2621	30996
2622	31005
2623	31019
2624	31037
2625	31048
2626	31059
2627	31071
2628	31081
2629	31092
2630	31102
2631	31115
2632	31125
2633	31136
2634	31148
2635	31158
2636	31170
2637	31180
2638	31192
2639	31203
2640	31216
2641	31230
2642	31238
2643	31252
2644	31272
2645	31281
2646	31293
2647	31303
2648	31314
2649	31325
2650	31337
2651	31347
2652	31360
2653	31370
2654	31381
2655	31392
2656	31404
2657	31414
2658	31425
2659	31435
2660	31448
2661	31458
2662	31471
2663	31486
2664	31503
2665	31515
2666	31525
2667	31536
2668	31548
2669	31558
2670	31570
2671	31581
2672	31593
2673	31604
2674	31615
2675	31626
2676	31637
2677	31648
2678	31658
2679	31671
2680	31681
2681	31693
2682	31703
2683	31714
2684	31726
2685	31736
2686	31749
2687	31759
2688	31770
2689	31781
2690	31793
2691	31803
2692	31815
2693	31826
2694	31837
2695	31849
2696	31864
2697	31882
2698	31892
2699	31903
2700	31914
2701	31925
2702	31938
2703	31948
2704	31958
2705	31971
2706	31980
2707	31994
2708	32009
2709	32025
2710	32036
2711	32047
2712	32059
2713	32070
2714	32080
2715	32092
2716	32103
2717	32115
2718	32128
2719	32137
2720	32148
2721	32158
2722	32171
2723	32180
2724	32192
2725	32202
2726	32216
2727	32230
2728	32248
2729	32258
2730	32271
2731	32283
2732	32292
2733	32303
2734	32315
2735	32326
2736	32336
2737	32350
2738	32359
2739	32370
2740	32383
2741	32396
2742	32416
2743	32426
2744	32435
2745	32448
2746	32458
2747	32471
2748	32485
2749	32498
2750	32515
2751	32525
2752	32537
2753	32548
2754	32559
2755	32570
2756	32580
2757	32592
2758	32603
2759	32615
2760	32625
2761	32635
2762	32649
2763	32658
2764	32670
2765	32681
2766	32692
2767	32703
2768	32715
2769	32726
2770	32736
2771	32748
2772	32758
2773	32770
2774	32782
2775	32793
2776	32807
2777	32817
2778	32832
2779	32848
2780	32859
2781	32869
2782	32881
2783	32892
2784	32903
2785	32915
2786	32925
2787	32936
2788	32949
2789	32958
2790	32971
2791	32981
2792	32992
2793	33003
2794	33016
2795	33026
2796	33036
2797	33048
2798	33058
2799	33070
2800	33081
2801	33094
2802	33107
2803	33125
2804	33137
2805	33147
2806	33158
2807	33170
2808	33180
2809	33192
2810	33204
2811	33214
2812	33227
2813	33236
2814	33247
2815	33259
2816	33271
2817	33281
2818	33292
2819	33308
2820	33326
2821	33337
2822	33348
2823	33359
2824	33370
2825	33381
2826	33392
2827	33402
2828	33415
2829	33425
2830	33436
2831	33449
2832	33458
2833	33470
2834	33481
2835	33493
2836	33503
2837	33517
2838	33531
2839	33549
2840	33557
2841	33570
2842	33581
2843	33592
2844	33602
2845	33615
2846	33625
2847	33637
2848	33649
2849	33662
2850	33670
2851	33681
2852	33692
2853	33704
2854	33719
2855	33729
2856	33738
2857	33752
2858	33772
2859	33781
2860	33792
2861	33803
2862	33814
2863	33825
2864	33836
2865	33848
2866	33858
2867	33870
2868	33881
2869	33892
2870	33903
2871	33915
2872	33925
2873	33936
2874	33949
2875	33958
2876	33970
2877	33984
2878	33994
2879	34013
2880	34026
2881	34036
2882	34048
2883	34058
2884	34071
2885	34082
2886	34092
2887	34103
2888	34115
2889	34125
2890	34135
2891	34148
2892	34158
2893	34169
2894	34181
2895	34191
2896	34203
2897	34214
2898	34225
2899	34236
2900	34247
2901	34258
2902	34271
2903	34280
2904	34291
2905	34303
2906	34314
2907	34324
2908	34336
2909	34348
2910	34358
2911	34370
2912	34385
2913	34403
2914	34413
2915	34425
2916	34435
2917	34447
2918	34459
2919	34470
2920	34480
2921	34492
2922	34502
2923	34514
2924	34525
2925	34537
2926	34549
2927	34564
2928	34581
2929	34592
2930	34602
2931	34615
2932	34625
2933	34637
2934	34649
2935	34658
2936	34670
2937	34681
2938	34692
2939	34702
2940	34715
2941	34726
2942	34737
2943	34747
2944	34757
2945	34770
2946	34785
2947	34804
2948	34813
2949	34824
2950	34836
2951	34848
2952	34858
2953	34870
2954	34881
2955	34892
2956	34902
2957	34914
2958	34925
2959	34936
2960	34948
2961	34958
2962	34971
2963	34990
2964	35004
2965	35014
2966	35025
2967	35035
2968	35051
2969	35059
2970	35069
2971	35081
2972	35092
2973	35104
2974	35114
2975	35125
2976	35138
2977	35148
2978	35158
2979	35170
2980	35181
2981	35192
2982	35203
2983	35215
2984	35229
2985	35238
2986	35252
2987	35271
2988	35281
2989	35292
2990	35303
2991	35315
2992	35326
2993	35336
2994	35348
2995	35359
2996	35369
2997	35381
2998	35392
2999	35403
3000	35414
3001	35425
3002	35436
3003	35448
3004	35462
3005	35471
3006	35485
3007	35504
3008	35514
3009	35525
3010	35536
3011	35548
3012	35558
3013	35570
3014	35580
3015	35591
3016	35604
3017	35614
3018	35625
3019	35637
3020	35654
3021	35670
3022	35681
3023	35691
3024	35703
3025	35714
3026	35725
3027	35736
3028	35748
3029	35758
3030	35770
3031	35780
3032	35792
3033	35802
3034	35816
3035	35830
3036	35849
3037	35858
3038	35869
3039	35881
3040	35892
3041	35903
3042	35915
3043	35926
3044	35935
3045	35949
3046	35968
3047	35980
3048	35992
3049	36003
3050	36013
3051	36025
3052	36036
3053	36047
3054	36058
3055	36071
3056	36081
3057	36092
3058	36104
3059	36114
3060	36125
3061	36136
3062	36147
3063	36158
3064	36171
3065	36181
3066	36192
3067	36203
3068	36215
3069	36226
3070	36236
3071	36248
3072	36258
3073	36270
3074	36286
3075	36303
3076	36314
3077	36326
3078	36336
3079	36348
3080	36358
3081	36370
3082	36381
3083	36392
3084	36403
3085	36414
3086	36424
3087	36436
3088	36447
3089	36458
3090	36470
3091	36481
3092	36492
3093	36503
3094	36514
3095	36527
3096	36537
3097	36549
3098	36566
3099	36581
3100	36592
3101	36603
3102	36614
3103	36625
3104	36636
3105	36648
3106	36658
3107	36672
3108	36682
3109	36693
3110	36703
3111	36714
3112	36725
3113	36736
3114	36748
3115	36758
3116	36770
3117	36780
3118	36792
3119	36802
3120	36815
3121	36829
3122	36837
3123	36849
3124	36862
3125	36874
3126	36885
3127	36903
3128	36914
3129	36925
3130	36935
3131	36947
3132	36957
3133	36969
3134	36980
3135	36992
3136	37003
3137	37016
3138	37029
3139	37037
3140	37048
3141	37058
3142	37070
3143	37081
3144	37093
3145	37105
3146	37122
3147	37138
3148	37147
3149	37157
3150	37170
3151	37180
3152	37192
3153	37204
3154	37213
3155	37226
3156	37237
3157	37247
3158	37258
3159	37270
3160	37280
3161	37292
3162	37304
3163	37313
3164	37325
3165	37337
3166	37347
3167	37358
3168	37370
3169	37381
3170	37397
3171	37415
3172	37425
3173	37436
3174	37449
3175	37459
3176	37471
3177	37481
3178	37492
3179	37503
3180	37515
3181	37525
3182	37537
3183	37551
3184	37565
3185	37581
3186	37592
3187	37603
3188	37614
3189	37625
3190	37636
3191	37648
3192	37658
3193	37671
3194	37680
3195	37692
3196	37702
3197	37715
3198	37725
3199	37737
3200	37748
3201	37757
3202	37771
3203	37780
3204	37791
3205	37802
3206	37814
3207	37825
3208	37836
3209	37849
3210	37863
3211	37876
3212	37892
3213	37903
3214	37914
3215	37925
3216	37936
3217	37947
3218	37958
3219	37970
3220	37980
3221	37992
3222	38004
3223	38013
3224	38025
3225	38036
3226	38048
3227	38059
3228	38070
3229	38081
3230	38093
3231	38103
3232	38116
3233	38126
3234	38136
3235	38149
3236	38163
3237	38183
3238	38192
3239	38203
3240	38214
3241	38225
3242	38236
3243	38248
3244	38259
3245	38271
3246	38281
3247	38292
3248	38303
3249	38316
3250	38330
3251	38349
3252	38359
3253	38370
3254	38381
3255	38392
3256	38403
3257	38415
3258	38425
3259	38436
3260	38448
3261	38458
3262	38470
3263	38483
3264	38492
3265	38503
3266	38515
3267	38525
3268	38536
3269	38548
3270	38558
3271	38571
3272	38581
3273	38597
3274	38615
3275	38625
3276	38636
3277	38648
3278	38658
3279	38670
3280	38681
3281	38692
3282	38704
3283	38715
3284	38725
3285	38737
3286	38753
3287	38771
3288	38780
3289	38793
3290	38803
3291	38816
3292	38825
3293	38836
3294	38848
3295	38858
3296	38870
3297	38881
3298	38891
3299	38903
3300	38915
3301	38926
3302	38941
3303	38953
3304	38970
3305	38981
3306	38991
3307	39002
3308	39015
3309	39024
3310	39036
3311	39047
3312	39057
3313	39070
3314	39080
3315	39091
3316	39103
3317	39114
3318	39126
3319	39136
3320	39147
3321	39158
3322	39170
3323	39182
3324	39198
3325	39215
3326	39225
3327	39236
3328	39247
3329	39258
3330	39269
3331	39280
3332	39293
3333	39304
3334	39313
3335	39324
3336	39336
3337	39348
3338	39358
3339	39370
3340	39386
3341	39403
3342	39415
3343	39425
3344	39436
3345	39449
3346	39458
3347	39469
3348	39481
3349	39491
3350	39502
3351	39514
3352	39526
3353	39536
3354	39547
3355	39558
3356	39570
3357	39581
3358	39592
3359	39604
3360	39619
3361	39636
3362	39648
3363	39659
3364	39669
3365	39681
3366	39691
3367	39703
3368	39714
3369	39725
3370	39736
3371	39749
3372	39758
3373	39770
3374	39781
3375	39792
3376	39803
3377	39815
3378	39830
3379	39849
3380	39858
3381	39870
3382	39880
3383	39891
3384	39902
3385	39915
3386	39925
3387	39936
3388	39949
3389	39957
3390	39969
3391	39981
3392	39996
3393	40010
3394	40025
3395	40036
3396	40048
3397	40058
3398	40070
3399	40081
3400	40092
3401	40103
3402	40113
3403	40125
3404	40136
3405	40147
3406	40157
3407	40170
3408	40180
3409	40192
3410	40203
3411	40214
3412	40225
3413	40236
3414	40248
3415	40258
3416	40270
3417	40281
3418	40296
3419	40315
3420	40325
3421	40336
3422	40349
3423	40358
3424	40370
3425	40381
3426	40392
3427	40402
3428	40415
3429	40426
3430	40441
3431	40459
3432	40470
3433	40481
3434	40493
3435	40503
3436	40516
3437	40525
3438	40537
3439	40548
3440	40558
3441	40570
3442	40581
3443	40597
3444	40616
3445	40625
3446	40637
3447	40648
3448	40657
3449	40669
3450	40680
3451	40691
3452	40704
3453	40714
3454	40725
3455	40736
3456	40747
3457	40758
3458	40771
3459	40786
3460	40804
3461	40813
3462	40825
3463	40835
3464	40847
3465	40857
3466	40869
3467	40880
3468	40891
3469	40902
3470	40915
3471	40925
3472	40936
3473	40948
3474	40962
3475	40973
3476	40981
3477	40992
3478	41004
3479	41018
3480	41036
3481	41047
3482	41058
3483	41069
3484	41080
3485	41091
3486	41102
3487	41115
3488	41125
3489	41136
3490	41149
3491	41158
3492	41170
3493	41181
3494	41192
3495	41203
3496	41215
3497	41226
3498	41237
3499	41248
3500	41259
3501	41277
3502	41292
3503	41304
3504	41314
3505	41326
3506	41335
3507	41347
3508	41358
3509	41370
3510	41380
3511	41392
3512	41403
3513	41414
3514	41425
3515	41437
3516	41448
3517	41458
3518	41470
3519	41482
3520	41492
3521	41502
3522	41514
3523	41526
3524	41536
3525	41547
3526	41558
3527	41571
3528	41581
3529	41592
3530	41605
3531	41615
3532	41631
3533	41650
3534	41658
3535	41670
3536	41681
3537	41692
3538	41702
3539	41715
3540	41725
3541	41737
3542	41748
3543	41758
3544	41772
3545	41781
3546	41793
3547	41804
3548	41814
3549	41829
3550	41842
3551	41859
3552	41870
3553	41880
3554	41892
3555	41903
3556	41915
3557	41925
3558	41937
3559	41948
3560	41958
3561	41970
3562	41980
3563	41991
3564	42003
3565	42014
3566	42024
3567	42035
3568	42048
3569	42057
3570	42069
3571	42081
3572	42092
3573	42104
3574	42114
3575	42131
3576	42148
3577	42158
3578	42171
3579	42181
3580	42193
3581	42203
3582	42215
3583	42224
3584	42236
3585	42248
3586	42258
3587	42271
3588	42282
3589	42293
3590	42303
3591	42315
3592	42325
3593	42336
3594	42349
3595	42365
3596	42381
3597	42391
3598	42404
3599	42415
3600	42426
3601	42436
3602	42448
3603	42458
3604	42471
3605	42482
3606	42492
3607	42503
3608	42515
3609	42526
3610	42537
3611	42549
3612	42565
3613	42582
3614	42592
3615	42603
3616	42615
3617	42625
3618	42635
3619	42649
3620	42658
3621	42670
3622	42680
3623	42692
3624	42703
3625	42714
3626	42725
3627	42736
3628	42747
3629	42758
3630	42770
3631	42781
3632	42793
3633	42803
3634	42814
3635	42830
3636	42848
3637	42858
3638	42870
3639	42881
3640	42892
3641	42902
3642	42916
3643	42926
3644	42937
3645	42948
3646	42958
3647	42970
3648	42984
3649	42993
3650	43004
3651	43015
3652	43030
3653	43048
3654	43058
3655	43070
3656	43081
3657	43093
3658	43103
3659	43115
3660	43125
3661	43137
3662	43148
3663	43158
3664	43171
3665	43182
3666	43192
3667	43204
3668	43215
3669	43231
3670	43247
3671	43258
3672	43270
3673	43282
3674	43292
3675	43302
3676	43314
3677	43326
3678	43337
3679	43349
3680	43358
3681	43370
3682	43381
3683	43392
3684	43405
3685	43414
3686	43427
3687	43440
3688	43459
3689	43469
3690	43481
3691	43492
3692	43505
3693	43515
3694	43525
3695	43536
3696	43549
3697	43558
3698	43572
3699	43582
3700	43598
3701	43617
3702	43625
3703	43635
3704	43650
3705	43658
3706	43670
3707	43681
3708	43694
3709	43708
3710	43726
3711	43737
3712	43748
3713	43759
3714	43770
3715	43781
3716	43792
3717	43803
3718	43815
3719	43826
3720	43838
3721	43853
3722	43870
3723	43881
3724	43891
3725	43903
3726	43915
3727	43924
3728	43936
3729	43947
3730	43957
3731	43970
3732	43980
3733	43991
3734	44002
3735	44014
3736	44025
3737	44036
3738	44047
3739	44058
3740	44070
3741	44081
3742	44091
3743	44107
3744	44116
3745	44130
3746	44148
3747	44157
3748	44169
3749	44181
3750	44191
3751	44202
3752	44214
3753	44225
3754	44236
3755	44247
3756	44258
3757	44270
3758	44282
3759	44296
3760	44310
3761	44327
3762	44336
3763	44348
3764	44358
3765	44371
3766	44381
3767	44392
3768	44403
3769	44416
3770	44426
3771	44436
3772	44448
3773	44458
3774	44470
3775	44482
3776	44492
3777	44503
3778	44515
3779	44526
3780	44537
3781	44553
3782	44571
3783	44581
3784	44592
3785	44602
3786	44613
3787	44625
3788	44636
3789	44647
3790	44657
3791	44670
3792	44681
3793	44691
3794	44703
3795	44715
3796	44729
3797	44737
3798	44748
3799	44758
3800	44769
3801	44780
3802	44792
3803	44802
3804	44814
3805	44825
3806	44836
3807	44848
3808	44863
3809	44875
3810	44892
3811	44902
3812	44914
3813	44925
3814	44936
3815	44947
3816	44958
3817	44970
3818	44983
3819	44991
3820	45002
3821	45014
3822	45026
3823	45036
3824	45051
3825	45059
3826	45070
3827	45080
3828	45092
3829	45103
3830	45119
3831	45137
3832	45146
3833	45159
3834	45169
3835	45180
3836	45192
3837	45204
3838	45214
3839	45225
3840	45236
3841	45252
3842	45269
3843	45280
3844	45292
3845	45302
3846	45314
3847	45325
3848	45336
3849	45348
3850	45358
3851	45369
3852	45381
3853	45392
3854	45402
3855	45415
3856	45430
3857	45449
3858	45458
3859	45470
3860	45481
3861	45492
3862	45502
3863	45515
3864	45526
3865	45536
3866	45548
3867	45558
3868	45571
3869	45581
3870	45592
3871	45603
3872	45616
3873	45631
3874	45648
3875	45657
3876	45670
3877	45681
3878	45692
3879	45704
3880	45714
3881	45725
3882	45736
3883	45748
3884	45758
3885	45770
3886	45786
3887	45805
3888	45815
3889	45825
3890	45836
3891	45848
3892	45858
3893	45869
3894	45881
3895	45893
3896	45903
3897	45913
3898	45925
3899	45936
3900	45949
3901	45966
3902	45981
3903	45992
3904	46004
3905	46013
3906	46026
3907	46036
3908	46048
3909	46058
3910	46069
3911	46082
3912	46091
3913	46104
3914	46114
3915	46125
3916	46135
3917	46148
3918	46158
3919	46169
3920	46181
3921	46193
3922	46208
3923	46225
3924	46236
3925	46248
3926	46257
3927	46272
3928	46281
3929	46291
3930	46302
3931	46315
3932	46325
3933	46336
3934	46348
3935	46357
3936	46371
3937	46389
3938	46403
3939	46413
3940	46427
3941	46436
3942	46448
3943	46458
3944	46471
3945	46483
3946	46492
3947	46502
3948	46514
3949	46527
3950	46537
3951	46549
3952	46559
3953	46569
3954	46582
3955	46597
3956	46615
3957	46624
3958	46636
3959	46648
3960	46658
3961	46669
3962	46682
3963	46692
3964	46702
3965	46715
3966	46725
3967	46735
3968	46748
3969	46758
3970	46773
3971	46786
3972	46803
3973	46816
3974	46825
3975	46835
3976	46847
3977	46858
3978	46869
3979	46880
3980	46893
3981	46903
3982	46914
3983	46925
3984	46936
3985	46949
3986	46957
3987	46970
3988	46981
3989	46992
3990	47007
3991	47016
3992	47030
3993	47047
3994	47057
3995	47069
3996	47080
3997	47091
3998	47102
3999	47114
4000	47125
4001	47135
4002	47147
4003	47157
4004	47171
4005	47180
4006	47191
4007	47203
4008	47213
4009	47225
4010	47236
4011	47252
4012	47269
4013	47281
4014	47291
4015	47302
4016	47316
4017	47325
4018	47335
4019	47349
4020	47357
4021	47369
4022	47381
4023	47392
4024	47404
4025	47414
4026	47430
4027	47448
4028	47459
4029	47469
4030	47481
4031	47491
4032	47502
4033	47514
4034	47525
4035	47536
4036	47549
4037	47558
4038	47571
4039	47580
4040	47592
4041	47603
4042	47615
4043	47630
4044	47650
4045	47659
4046	47671
4047	47681
4048	47692
4049	47704
4050	47714
4051	47727
4052	47735
4053	47749
4054	47764
4055	47784
4056	47792
4057	47803
4058	47815
4059	47826
4060	47836
4061	47848
4062	47859
4063	47871
4064	47885
4065	47903
4066	47915
4067	47925
4068	47936
4069	47949
4070	47958
4071	47970
4072	47981
4073	47992
4074	48003
4075	48014
4076	48026
4077	48036
4078	48048
4079	48058
4080	48070
4081	48080
4082	48093
4083	48104
4084	48119
4085	48128
4086	48138
4087	48152
4088	48163
4089	48175
4090	48192
4091	48202
4092	48215
4093	48225
4094	48236
4095	48247
4096	48259
4097	48270
4098	48282
4099	48293
4100	48304
4101	48314
4102	48325
4103	48336
4104	48349
4105	48357
4106	48371
4107	48381
4108	48397
4109	48416
4110	48425
4111	48436
4112	48448
4113	48458
4114	48470
4115	48482
4116	48492
4117	48502
4118	48515
4119	48525
4120	48536
4121	48548
4122	48558
4123	48571
4124	48581
4125	48592
4126	48602
4127	48615
4128	48625
4129	48636
4130	48649
4131	48662
4132	48675
4133	48694
4134	48702
4135	48716
4136	48725
4137	48737
4138	48747
4139	48758
4140	48771
4141	48786
4142	48803
4143	48815
4144	48824
4145	48836
4146	48849
4147	48858
4148	48869
4149	48881
4150	48892
4151	48905
4152	48914
4153	48926
4154	48936
4155	48948
4156	48958
4157	48969
4158	48981
4159	48991
4160	49004
4161	49017
4162	49031
4163	49049
4164	49058
4165	49071
4166	49082
4167	49092
4168	49103
4169	49115
4170	49125
4171	49135
4172	49149
4173	49164
4174	49181
4175	49192
4176	49201
4177	49214
4178	49224
4179	49236
4180	49249
4181	49258
4182	49274
4183	49292
4184	49302
4185	49315
4186	49325
4187	49336
4188	49348
4189	49357
4190	49370
4191	49380
4192	49391
4193	49402
4194	49416
4195	49429
4196	49449
4197	49458
4198	49471
4199	49486
4200	49503
4201	49514
4202	49525
4203	49537
4204	49549
4205	49559
4206	49569
4207	49581
4208	49592
4209	49602
4210	49614
4211	49625
4212	49636
4213	49649
4214	49665
4215	49680
4216	49691
4217	49701
4218	49714
4219	49724
4220	49735
4221	49749
4222	49757
4223	49769
4224	49780
4225	49791
4226	49802
4227	49814
4228	49824
4229	49835
4230	49848
4231	49858
4232	49869
4233	49880
4234	49892
4235	49902
4236	49914
4237	49924
4238	49935
4239	49947
4240	49958
4241	49970
4242	49986
4243	50002
4244	50013
4245	50025
4246	50037
4247	50047
4248	50058
4249	50069
4250	50080
4251	50092
4252	50104
4253	50114
4254	50130
4255	50149
4256	50157
4257	50170
4258	50181
4259	50192
4260	50202
4261	50215
4262	50224
4263	50236
4264	50248
4265	50258
4266	50271
4267	50286
4268	50305
4269	50314
4270	50325
4271	50336
4272	50348
4273	50358
4274	50371
4275	50380
4276	50392
4277	50402
4278	50415
4279	50425
4280	50436
4281	50449
4282	50458
4283	50469
4284	50480
4285	50492
4286	50503
4287	50517
4288	50531
4289	50547
4290	50557
4291	50570
4292	50580
4293	50591
4294	50605
4295	50614
4296	50625
4297	50639
4298	50650
4299	50661
4300	50671
4301	50686
4302	50704
4303	50714
4304	50727
4305	50738
4306	50749
4307	50759
4308	50781
4309	50793
4310	50807
4311	50824
4312	50835
4313	50847
4314	50856
4315	50868
4316	50879
4317	50891
4318	50902
4319	50919
4320	50935
4321	50947
4322	50957
4323	50969
4324	50981
4325	50991
4326	51002
4327	51013
4328	51025
4329	51035
4330	51047
4331	51057
4332	51069
4333	51082
4334	51092
4335	51101
4336	51114
4337	51124
4338	51135
4339	51149
4340	51162
4341	51176
4342	51191
4343	51203
4344	51214
4345	51225
4346	51235
4347	51247
4348	51257
4349	51269
4350	51280
4351	51291
4352	51302
4353	51315
4354	51325
4355	51335
4356	51347
4357	51357
4358	51370
4359	51380
4360	51392
4361	51402
4362	51415
4363	51427
4364	51436
4365	51448
4366	51458
4367	51470
4368	51482
4369	51496
4370	51505
4371	51515
4372	51530
4373	51549
4374	51558
4375	51570
4376	51581
4377	51591
4378	51602
4379	51615
4380	51625
4381	51635
4382	51648
4383	51659
4384	51671
4385	51680
4386	51692
4387	51702
4388	51715
4389	51731
4390	51749
4391	51757
4392	51770
4393	51781
4394	51791
4395	51802
4396	51816
4397	51824
4398	51836
4399	51847
4400	51858
4401	51870
4402	51881
4403	51897
4404	51916
4405	51925
4406	51936
4407	51948
4408	51958
4409	51969
4410	51980
4411	51991
4412	52003
4413	52014
4414	52024
4415	52036
4416	52047
4417	52058
4418	52070
4419	52085
4420	52104
4421	52114
4422	52125
4423	52136
4424	52148
4425	52157
4426	52170
4427	52180
4428	52192
4429	52202
4430	52215
4431	52225
4432	52236
4433	52248
4434	52258
4435	52270
4436	52281
4437	52292
4438	52303
4439	52315
4440	52330
4441	52342
4442	52359
4443	52370
4444	52381
4445	52392
4446	52402
4447	52415
4448	52426
4449	52435
4450	52448
4451	52457
4452	52470
4453	52482
4454	52491
4455	52504
4456	52514
4457	52525
4458	52536
4459	52549
4460	52564
4461	52580
4462	52592
4463	52602
4464	52614
4465	52625
4466	52636
4467	52648
4468	52657
4469	52670
4470	52680
4471	52692
4472	52702
4473	52714
4474	52725
4475	52736
4476	52748
4477	52764
4478	52782
4479	52791
4480	52804
4481	52814
4482	52826
4483	52836
4484	52848
4485	52859
4486	52870
4487	52881
4488	52891
4489	52904
4490	52914
4491	52925
4492	52936
4493	52949
4494	52963
4495	52975
4496	52993
4497	53003
4498	53015
4499	53025
4500	53036
4501	53048
4502	53058
4503	53070
4504	53081
4505	53092
4506	53102
4507	53115
4508	53125
4509	53137
4510	53148
4511	53158
4512	53169
4513	53180
4514	53192
4515	53204
4516	53220
4517	53239
4518	53250
4519	53259
4520	53271
4521	53280
4522	53291
4523	53304
4524	53314
4525	53330
4526	53347
4527	53358
4528	53369
4529	53381
4530	53391
4531	53403
4532	53416
4533	53428
4534	53449
4535	53459
4536	53475
4537	53492
4538	53503
4539	53512
4540	53524
4541	53536
4542	53546
4543	53557
4544	53571
4545	53580
4546	53591
4547	53601
4548	53614
4549	53629
4550	53647
4551	53657
4552	53669
4553	53682
4554	53694
4555	53703
4556	53714
4557	53725
4558	53735
4559	53747
4560	53757
4561	53769
4562	53782
4563	53799
4564	53816
4565	53826
4566	53836
4567	53848
4568	53858
4569	53870
4570	53880
4571	53892
4572	53903
4573	53914
4574	53925
4575	53936
4576	53946
4577	53958
4578	53970
4579	53979
4580	53993
4581	54004
4582	54013
4583	54024
4584	54036
4585	54049
4586	54064
4587	54081
4588	54092
4589	54102
4590	54114
4591	54125
4592	54136
4593	54147
4594	54158
4595	54172
4596	54181
4597	54192
4598	54202
4599	54215
4600	54225
4601	54235
4602	54248
4603	54262
4604	54282
4605	54293
4606	54302
4607	54315
4608	54326
4609	54336
4610	54348
4611	54358
4612	54369
4613	54384
4614	54402
4615	54415
4616	54426
4617	54437
4618	54449
4619	54465
4620	54481
4621	54492
4622	54503
4623	54513
4624	54525
4625	54536
4626	54548
4627	54559
4628	54571
4629	54580
4630	54594
4631	54614
4632	54626
4633	54637
4634	54652
4635	54671
4636	54681
4637	54690
4638	54703
4639	54714
4640	54725
4641	54737
4642	54751
4643	54770
4644	54779
4645	54791
4646	54802
4647	54814
4648	54824
4649	54836
4650	54847
4651	54857
4652	54869
4653	54882
4654	54897
4655	54915
4656	54925
4657	54936
4658	54948
4659	54958
4660	54970
4661	54980
4662	54992
4663	55002
4664	55015
4665	55026
4666	55036
4667	55048
4668	55059
4669	55075
4670	55092
4671	55102
4672	55116
4673	55125
4674	55136
4675	55147
4676	55158
4677	55171
4678	55181
4679	55192
4680	55204
4681	55217
4682	55226
4683	55236
4684	55247
4685	55259
4686	55271
4687	55287
4688	55303
4689	55314
4690	55325
4691	55336
4692	55349
4693	55359
4694	55370
4695	55380
4696	55392
4697	55403
4698	55416
4699	55428
4700	55439
4701	55450
4702	55458
4703	55474
4704	55491
4705	55501
4706	55515
4707	55525
4708	55535
4709	55549
4710	55558
4711	55570
4712	55586
4713	55605
4714	55613
4715	55624
4716	55636
4717	55648
4718	55658
4719	55669
4720	55680
4721	55692
4722	55701
4723	55713
4724	55726
4725	55741
4726	55760
4727	55769
4728	55779
4729	55792
4730	55803
4731	55814
4732	55825
4733	55835
4734	55849
4735	55864
4736	55880
4737	55891
4738	55903
4739	55913
4740	55923
4741	55935
4742	55946
4743	55957
4744	55969
4745	55980
4746	55991
4747	56002
4748	56014
4749	56025
4750	56036
4751	56051
4752	56060
4753	56072
4754	56082
4755	56097
4756	56115
4757	56124
4758	56136
4759	56148
4760	56158
4761	56169
4762	56181
4763	56191
4764	56202
4765	56215
4766	56229
4767	56248
4768	56258
4769	56269
4770	56281
4771	56291
4772	56302
4773	56317
4774	56330
4775	56348
4776	56357
4777	56369
4778	56380
4779	56393
4780	56402
4781	56414
4782	56425
4783	56435
4784	56447
4785	56457
4786	56469
4787	56480
4788	56492
4789	56503
4790	56514
4791	56531
4792	56547
4793	56558
4794	56569
4795	56581
4796	56591
4797	56602
4798	56614
4799	56625
4800	56636
4801	56646
4802	56658
4803	56669
4804	56680
4805	56691
4806	56702
4807	56714
4808	56725
4809	56738
4810	56747
4811	56758
4812	56771
4813	56782
4814	56797
4815	56814
4816	56825
4817	56835
4818	56848
4819	56858
4820	56869
4821	56880
4822	56891
4823	56902
4824	56915
4825	56924
4826	56936
4827	56948
4828	56958
4829	56969
4830	56981
4831	56997
4832	57014
4833	57025
4834	57036
4835	57049
4836	57058
4837	57070
4838	57082
4839	57092
4840	57102
4841	57115
4842	57126
4843	57137
4844	57154
4845	57170
4846	57180
4847	57191
4848	57202
4849	57214
4850	57225
4851	57237
4852	57248
4853	57258
4854	57269
4855	57280
4856	57291
4857	57303
4858	57315
4859	57325
4860	57335
4861	57348
4862	57358
4863	57370
4864	57382
4865	57397
4866	57416
4867	57425
4868	57437
4869	57447
4870	57459
4871	57474
4872	57482
4873	57495
4874	57504
4875	57518
4876	57527
4877	57536
4878	57548
4879	57557
4880	57570
4881	57586
4882	57604
4883	57614
4884	57625
4885	57635
4886	57649
4887	57657
4888	57669
4889	57680
4890	57692
4891	57702
4892	57714
4893	57725
4894	57736
4895	57748
4896	57757
4897	57771
4898	57785
4899	57794
4900	57805
4901	57816
4902	57831
4903	57848
4904	57858
4905	57870
4906	57881
4907	57891
4908	57902
4909	57914
4910	57925
4911	57935
4912	57947
4913	57958
4914	57971
4915	57980
4916	57992
4917	58002
4918	58015
4919	58031
4920	58049
4921	58058
4922	58071
4923	58081
